Tempo E-step: 0.778073 secondi
Tempo M-step: 1.02014 secondi
Tempo iterazione 1: 1.79822 secondi
Tempo E-step: 0.775795 secondi
Tempo M-step: 0.88828 secondi
Tempo iterazione 2: 1.66408 secondi
Tempo E-step: 0.777335 secondi
Tempo M-step: 0.900241 secondi
Tempo iterazione 3: 1.67759 secondi
Tempo E-step: 0.784144 secondi
Tempo M-step: 0.956601 secondi
Tempo iterazione 4: 1.74076 secondi
Tempo E-step: 0.796605 secondi
Tempo M-step: 1.06654 secondi
Tempo iterazione 5: 1.86316 secondi

Tempo totale: 11.4507 secondi
Cluster 1:
Mean:
-5.14225
 4.30398
-2.58518
 5.17132
-5.81068
-1.64814
-6.22145
 3.67335
 1.38686
-1.32977
Covariance:
   6.6245    11.536   17.6799  -7.95246  -2.57526  -12.8474  -6.45284   8.59055   1.18282   13.0467
   11.536   21.0657   31.9446  -14.3892  -4.64252  -23.1952  -11.6605   15.5227   2.14241   23.5537
  17.6799   31.9446   49.2484  -22.0557  -7.12784   -35.591  -17.8865   23.8103   3.28208   36.1408
 -7.95246  -14.3892  -22.0557    10.169   3.21324   16.0283   8.04896  -10.7225  -1.47988  -16.2785
 -2.57526  -4.64252  -7.12784   3.21324    1.2869    5.1747   2.60271  -3.46137 -0.476663   -5.2528
 -12.8474  -23.1952   -35.591   16.0283    5.1747   26.0977   12.9905  -17.2952  -2.38419   -26.246
 -6.45284  -11.6605  -17.8865   8.04896   2.60271   12.9905   6.77848  -8.69494  -1.20047   -13.195
  8.59055   15.5227   23.8103  -10.7225  -3.46137  -17.2952  -8.69494   11.8134   1.58531   17.5525
  1.18282   2.14241   3.28208  -1.47988 -0.476663  -2.38419  -1.20047   1.58531  0.460475   2.40964
  13.0467   23.5537   36.1408  -16.2785   -5.2528   -26.246   -13.195   17.5525   2.40964   26.8918
Weight: 0.144546

Cluster 2:
Mean:
 1.93501
-6.44362
-8.71107
 8.96241
 9.00007
 6.10262
-3.90246
-7.85988
 3.62446
-1.31017
Covariance:
     2.27388     -1.35558      0.12638     0.155466      2.93624     0.611626   -0.0315283     -1.75431     0.571688      1.05414
    -1.35558      1.16195   -0.0804435    -0.106546     -1.97012    -0.414377    0.0191626      1.17947    -0.382922    -0.702382
     0.12638   -0.0804435     0.264845   0.00540264      0.17978    0.0334496   -0.0043068    -0.104521    0.0351526    0.0679738
    0.155466    -0.106546   0.00540264     0.267073      0.23107    0.0498707 -0.000286349    -0.139791     0.046479    0.0810533
     2.93624     -1.97012      0.17978      0.23107      4.51414     0.890761   -0.0452983     -2.55063     0.829486      1.52914
    0.611626    -0.414377    0.0334496    0.0498707     0.890761     0.438547  -0.00754056    -0.533719     0.173112      0.31616
  -0.0315283    0.0191626   -0.0043068 -0.000286349   -0.0452983  -0.00754056     0.250761    0.0261682  -0.00951538   -0.0179812
    -1.75431      1.17947    -0.104521    -0.139791     -2.55063    -0.533719    0.0261682      1.77541    -0.497449    -0.913635
    0.571688    -0.382922    0.0351526     0.046479     0.829486     0.173112  -0.00951538    -0.497449     0.411432     0.298931
     1.05414    -0.702382    0.0679738    0.0810533      1.52914      0.31616   -0.0179812    -0.913635     0.298931     0.801688
Weight: 0.204577

Cluster 3:
Mean:
-9.58807
 9.39872
 6.64693
-5.75033
  -6.362
-6.33106
 -3.9158
0.494565
-1.36042
-4.17575
Covariance:
    0.258252    -0.010292  -0.00912673   0.00635659   0.00555922   0.00651955  -0.00278048 -0.000676009   0.00281941 -0.000151379
   -0.010292     0.264998    0.0138611   -0.0100876  -0.00791957   -0.0130039   0.00185318   0.00220278  -0.00350943   0.00143008
 -0.00912673    0.0138611     0.265264   -0.0122947  -0.00825457   -0.0113574  0.000442871   0.00185986  -0.00416155   0.00137648
  0.00635659   -0.0100876   -0.0122947     0.260748   0.00543766   0.00772032 -0.000815405  -0.00122898     0.002203   0.00196596
  0.00555922  -0.00791957  -0.00825457   0.00543766     0.257431   0.00514602  0.000453966  -0.00298887   0.00251815   0.00126384
  0.00651955   -0.0130039   -0.0113574   0.00772032   0.00514602     0.259729 -0.000431256  -0.00219666   0.00189392  -0.00017025
 -0.00278048   0.00185318  0.000442871 -0.000815405  0.000453966 -0.000431256     0.250978 -0.000742571 -0.000611458  -0.00115932
-0.000676009   0.00220278   0.00185986  -0.00122898  -0.00298887  -0.00219666 -0.000742571     0.252457  -0.00129423   0.00126236
  0.00281941  -0.00350943  -0.00416155     0.002203   0.00251815   0.00189392 -0.000611458  -0.00129423     0.248917  0.000177497
-0.000151379   0.00143008   0.00137648   0.00196596   0.00126384  -0.00017025  -0.00115932   0.00126236  0.000177497      0.25243
Weight: 0.200019

Cluster 4:
Mean:
-3.77618
 6.71746
 1.11079
 3.56677
-6.36982
-4.31771
-7.54756
 5.63084
 1.80873
 1.58735
Covariance:
  5.07298    8.6455   13.2554  -5.89326  -1.95344  -9.60769  -4.80854   6.64201    1.1058   10.0155
   8.6455   15.7504   23.7621  -10.5675  -3.50917  -17.2278   -8.6218   11.9167   1.98464   17.9551
  13.2554   23.7621   36.6816  -16.1995   -5.3784  -26.4107  -13.2172   18.2665   3.04375   27.5305
 -5.89326  -10.5675  -16.1995   7.45105    2.3933   11.7422   5.87575   -8.1257  -1.35593  -12.2443
 -1.95344  -3.50917   -5.3784    2.3933   1.04693   3.89903   1.95008  -2.69833 -0.447704  -4.06053
 -9.60769  -17.2278  -26.4107   11.7422   3.89903   19.3965   9.58235  -13.2429  -2.20678  -19.9581
 -4.80854   -8.6218  -13.2172   5.87575   1.95008   9.58235   5.04653  -6.62887  -1.10564  -9.99013
  6.64201   11.9167   18.2665   -8.1257  -2.69833  -13.2429  -6.62887   9.40202   1.51624   13.7916
   1.1058   1.98464   3.04375  -1.35593 -0.447704  -2.20678  -1.10564   1.51624  0.494413   2.28893
  10.0155   17.9551   27.5305  -12.2443  -4.06053  -19.9581  -9.99013   13.7916   2.28893   21.0421
Weight: 0.174299

Cluster 5:
Mean:
-0.472476
 -5.24646
 -5.58544
   0.3281
 -1.97316
  5.02647
 -5.38561
 0.319331
  1.59491
 -8.31136
Covariance:
   19.4062   -13.8899    10.0909   -21.2178    7.72524    4.78237   -4.38094  -0.236758    1.80225   -5.38318
  -13.8899    10.3178   -7.31859    15.3831    -5.6003   -3.46535    3.17799   0.168652   -1.30741    3.89943
   10.0909   -7.31859    5.56486   -11.1792    4.06992    2.52129   -2.30829  -0.126571   0.948304   -2.83975
  -21.2178    15.3831   -11.1792    23.7524   -8.55606    -5.2963     4.8527   0.262492   -1.99468    5.96377
   7.72524    -5.6003    4.06992   -8.55606    3.36488    1.92824   -1.76728 -0.0956451   0.727178   -2.16905
   4.78237   -3.46535    2.52129    -5.2963    1.92824    1.44142   -1.09467 -0.0574203   0.449299   -1.34066
  -4.38094    3.17799   -2.30829     4.8527   -1.76728   -1.09467    1.25249  0.0555017  -0.411856    1.23258
 -0.236758   0.168652  -0.126571   0.262492 -0.0956451 -0.0574203  0.0555017   0.254358 -0.0208057  0.0647435
   1.80225   -1.30741   0.948304   -1.99468   0.727178   0.449299  -0.411856 -0.0208057   0.422174  -0.505261
  -5.38318    3.89943   -2.83975    5.96377   -2.16905   -1.34066    1.23258  0.0647435  -0.505261    1.76118
Weight: 0.276559

