Means:
-7.246070139 -0.429717268 -8.838081323 8.571156248 -5.636611901 3.033447173 -3.802805858 0.539027077 0.126497732 -5.758070400 
-9.837728084 9.540271833 6.865154731 -5.910078648 -6.995366735 -6.835646256 -3.755691134 -0.302720467 -0.544260030 -3.518270508 
-1.979837405 8.503879961 4.356537610 2.915336844 -6.566409958 -7.475194645 -8.202539507 7.613414644 2.278687768 3.881897770 
2.028479752 -6.620295446 -8.883759755 9.130889676 8.811838322 6.254222116 -4.775729651 -7.414090428 4.162254458 -1.823421613 
2.438307729 -6.660067131 -4.137931358 -3.070512577 -0.253614885 5.693268819 -5.514341832 -0.137216081 1.956088258 -9.055497945 
Numero di blocchi: 16
Numero di thread per blocco: 256
Numero totale di thread: 4000
Numero di dati per thread: 250
Numero di thread per blocco reduce 1: 256
Numero di thread per blocco reduce 2: 61
Numero di thread per blocco reduce 1: 256
Numero di thread per blocco reduce 2: 61
Numero di thread per blocco reduce 1: 256
Numero di thread per blocco reduce 2: 61
Numero di thread per blocco reduce 1: 256
Numero di thread per blocco reduce 2: 61
Numero di thread per blocco reduce 1: 256
Numero di thread per blocco reduce 2: 61
Total time: 0.383309 s

Risultati finali:
Cluster 1:
Mean: -7.558656 -0.098311 -9.314203 8.187781 -4.825084 3.249079 -3.765370 0.402148 0.935002 -6.302647 
Covariance Matrix:
0.129084 -0.000079 -0.000338 -0.000855 -0.000411 0.000587 0.000668 -0.000224 -0.000014 0.000128 
-0.000079 0.128438 0.000137 -0.000250 -0.000427 -0.000352 0.000454 0.000063 0.000377 -0.000236 
-0.000338 0.000137 0.128255 -0.000409 -0.000258 -0.000422 0.000406 -0.000097 -0.000202 0.000265 
-0.000855 -0.000250 -0.000409 0.128425 0.000451 0.000376 -0.000175 -0.000901 -0.000498 -0.000225 
-0.000411 -0.000427 -0.000258 0.000451 0.128283 0.000223 0.000262 -0.000727 0.000304 0.000398 
0.000587 -0.000352 -0.000422 0.000376 0.000223 0.128808 -0.000551 -0.000578 -0.000280 0.000435 
0.000668 0.000454 0.000406 -0.000175 0.000262 -0.000551 0.128178 -0.000703 -0.000010 0.000082 
-0.000224 0.000063 -0.000097 -0.000901 -0.000727 -0.000578 -0.000703 0.129677 -0.001050 -0.001254 
-0.000014 0.000377 -0.000202 -0.000498 0.000304 -0.000280 -0.000010 -0.001050 0.128814 -0.000577 
0.000128 -0.000236 0.000265 -0.000225 0.000398 0.000435 0.000082 -0.001254 -0.000577 0.128388 
Weight: 0.200000
Cluster 2:
Mean: -9.588886 9.399773 6.648021 -5.751288 -6.362494 -6.331866 -3.915599 0.494546 -1.360765 -4.175881 
Covariance Matrix:
0.129177 -0.000073 -0.000336 -0.000188 0.000329 -0.000291 -0.000424 0.000198 0.000171 -0.000430 
-0.000073 0.129208 0.000515 -0.000021 0.000029 -0.000884 0.000386 -0.000438 0.000253 -0.000444 
-0.000336 0.000515 0.129544 -0.000382 -0.000192 -0.000184 -0.000042 -0.000038 -0.000327 0.000103 
-0.000188 -0.000021 -0.000382 0.129578 -0.000208 0.000163 0.000428 -0.000169 -0.000470 0.000578 
0.000329 0.000029 -0.000192 -0.000208 0.130212 -0.000874 0.000181 -0.000082 0.000479 0.000462 
-0.000291 -0.000884 -0.000184 0.000163 -0.000874 0.129891 -0.000062 -0.000113 -0.000622 0.000651 
-0.000424 0.000386 -0.000042 0.000428 0.000181 -0.000062 0.129778 0.000100 -0.000482 -0.000353 
0.000198 -0.000438 -0.000038 -0.000169 -0.000082 -0.000113 0.000100 0.129683 -0.000534 0.000157 
0.000171 0.000253 -0.000327 -0.000470 0.000479 -0.000622 -0.000482 -0.000534 0.128655 -0.000542 
-0.000430 -0.000444 0.000103 0.000578 0.000462 0.000651 -0.000353 0.000157 -0.000542 0.129202 
Weight: 0.200000
Cluster 3:
Mean: -2.508447 9.014836 4.636033 1.971565 -6.879868 -6.880136 -8.837491 7.322714 2.021738 4.161817 
Covariance Matrix:
0.128992 0.000675 0.000498 -0.000452 -0.000125 -0.000336 0.000635 -0.001020 -0.000297 0.000419 
0.000675 0.129276 -0.000617 -0.000048 0.000280 -0.000320 0.000307 0.000853 0.000506 -0.000317 
0.000498 -0.000617 0.129192 0.000157 -0.000361 -0.000235 0.000325 0.000029 0.000070 0.000361 
-0.000452 -0.000048 0.000157 0.129712 0.000571 0.000091 -0.000558 -0.000178 0.000037 -0.000333 
-0.000125 0.000280 -0.000361 0.000571 0.128837 -0.000120 -0.000323 0.000692 -0.000675 -0.000640 
-0.000336 -0.000320 -0.000235 0.000091 -0.000120 0.129804 -0.000606 -0.000314 0.000521 -0.000751 
0.000635 0.000307 0.000325 -0.000558 -0.000323 -0.000606 0.129491 -0.000608 0.000093 -0.000065 
-0.001020 0.000853 0.000029 -0.000178 0.000692 -0.000314 -0.000608 0.129084 -0.001012 0.000899 
-0.000297 0.000506 0.000070 0.000037 -0.000675 0.000521 0.000093 -0.001012 0.129186 -0.000625 
0.000419 -0.000317 0.000361 -0.000333 -0.000640 -0.000751 -0.000065 0.000899 -0.000625 0.129186 
Weight: 0.200000
Cluster 4:
Mean: 2.150355 -6.588117 -8.697839 8.979323 9.312907 6.167893 -3.905790 -8.046927 3.685312 -1.198027 
Covariance Matrix:
0.129091 0.000011 -0.000280 -0.000174 0.000157 -0.000045 0.000382 0.000398 0.000167 0.000782 
0.000011 0.128677 0.000310 -0.000039 0.000107 -0.000382 -0.000244 0.000264 -0.000292 0.000630 
-0.000280 0.000310 0.129263 -0.000106 -0.000135 -0.000217 -0.000266 0.000669 -0.000151 -0.000158 
-0.000174 -0.000039 -0.000106 0.128440 0.000011 -0.000214 0.000860 -0.000303 0.001002 -0.000573 
0.000157 0.000107 -0.000135 0.000011 0.127644 0.000560 -0.000194 -0.000340 -0.000177 0.000590 
-0.000045 -0.000382 -0.000217 -0.000214 0.000560 0.128635 0.000379 -0.000300 0.000346 -0.000038 
0.000382 -0.000244 -0.000266 0.000860 -0.000194 0.000379 0.128027 0.000237 -0.000284 -0.000190 
0.000398 0.000264 0.000669 -0.000303 -0.000340 -0.000300 0.000237 0.127707 -0.000737 -0.000707 
0.000167 -0.000292 -0.000151 0.001002 -0.000177 0.000346 -0.000284 -0.000737 0.128592 0.001010 
0.000782 0.000630 -0.000158 -0.000573 0.000590 -0.000038 -0.000190 -0.000707 0.001010 0.129429 
Weight: 0.200000
Cluster 5:
Mean: 2.235225 -7.209551 -4.158729 -2.671159 -0.881346 5.702179 -6.004971 0.286051 1.849618 -9.072154 
Covariance Matrix:
0.129363 -0.000049 -0.000629 0.000056 0.000341 -0.000005 -0.000701 0.000073 -0.000027 0.000067 
-0.000049 0.129881 0.000471 -0.000638 0.000482 -0.000387 0.000485 -0.000583 -0.000296 -0.000328 
-0.000629 0.000471 0.128946 0.000777 -0.000398 -0.000179 -0.000469 0.000094 -0.000182 -0.000741 
0.000056 -0.000638 0.000777 0.127938 0.000630 -0.000259 -0.000468 0.000232 0.000509 -0.000497 
0.000341 0.000482 -0.000398 0.000630 0.129445 0.000266 -0.000177 0.000532 0.000503 0.000174 
-0.000005 -0.000387 -0.000179 -0.000259 0.000266 0.128961 0.000029 -0.000161 -0.000763 0.000038 
-0.000701 0.000485 -0.000469 -0.000468 -0.000177 0.000029 0.128990 0.000298 -0.000020 -0.000259 
0.000073 -0.000583 0.000094 0.000232 0.000532 -0.000161 0.000298 0.129859 0.000251 -0.001066 
-0.000027 -0.000296 -0.000182 0.000509 0.000503 -0.000763 -0.000020 0.000251 0.129739 0.000310 
0.000067 -0.000328 -0.000741 -0.000497 0.000174 0.000038 -0.000259 -0.001066 0.000310 0.128639 
Weight: 0.200000
